/*--------------------------------*- C++ -*----------------------------------*\
  =========                 |
  \\      /  F ield         | OpenFOAM: The Open Source CFD Toolbox
   \\    /   O peration     |
    \\  /    A nd           | Web:      www.OpenFOAM.org
     \\/     M anipulation  |
-------------------------------------------------------------------------------
Description
    Writes out values of fields from cells nearest to specified locations.

\*---------------------------------------------------------------------------*/

#includeEtc "caseDicts/postProcessing/probes/probes.cfg"

fields (p U);
probeLocations
(
// center line
    (0   1 1.4)
    (0.5 1 1.4)
    (1   1 1.4)
    (1.5 1 1.4)
    (2   1 1.4)
    (2.5 1 1.4)
    (3   1 1.4)
    (3.5 1 1.4)
    (4   1 1.4)
    (4.5 1 1.4)
    (5   1 1.4)
    (5.5 1 1.4)


// profiles at x = 3
    (3 0.0025 1.4)
    (3 0.005 1.4)
    (3 0.01 1.4)
    (3 0.02 1.4)
    (3 0.03 1.4)
    (3 0.04 1.4)
    (3 0.05 1.4)
    (3 0.06 1.4)
    (3 0.07 1.4)
    (3 0.08 1.4)
    (3 0.09 1.4)
    (3 0.1  1.4)
    (3 0.15 1.4)
    (3 0.2  1.4)
    (3 0.25 1.4)
    (3 0.3  1.4)
    (3 0.4  1.4)
    (3 0.5  1.4)
    (3 0.6  1.4)
    (3 0.7  1.4)
    (3 0.8  1.4)
    (3 0.9  1.4)
    (3 1.1  1.4)
    (3 1.2  1.4)
    (3 1.3  1.4)
    (3 1.4  1.4)
    (3 1.5  1.4)
    (3 1.6  1.4)
    (3 1.7  1.4)
    (3 1.75 1.4)
    (3 1.8  1.4)
    (3 1.85 1.4)
    (3 1.9  1.4)
    (3 1.91 1.4)
    (3 1.92 1.4)
    (3 1.93 1.4)
    (3 1.94 1.4)
    (3 1.95 1.4)
    (3 1.96 1.4)
    (3 1.97 1.4)
    (3 1.98 1.4)
    (3 1.99 1.4)
    (3 1.995 1.4)
    (3 1.9975 1.4)

// chord line at y = 1
    (3   1 0)
    (3   1 0.28)
    (3   1 0.56)
    (3   1 0.84)
    (3   1 1.12)
    (3   1 1.4)
    (3   1 1.68)
    (3   1 1.96)
    (3   1 2.24)
    (3   1 2.52)

// chord line at y = 0.5
    (3   0.5 0)
    (3   0.5 0.28)
    (3   0.5 0.56)
    (3   0.5 0.84)
    (3   0.5 1.12)
    (3   0.5 1.4)
    (3   0.5 1.68)
    (3   0.5 1.96)
    (3   0.5 2.24)
    (3   0.5 2.52)

// chord line at y = 1.5
    (3   1.5 0)
    (3   1.5 0.28)
    (3   1.5 0.56)
    (3   1.5 0.84)
    (3   1.5 1.12)
    (3   1.5 1.4)
    (3   1.5 1.68)
    (3   1.5 1.96)
    (3   1.5 2.24)
    (3   1.5 2.52)


);

// ************************************************************************* //
