0.00153846 	4.84792e-05 	-6.01772e-07 	1.35688e-06 	2.6801e-07 	-8.03453e-07 	3.66362e-06
0.00418012 	0.000154837 	-2.78096e-06 	4.59723e-06 	1.59054e-06 	-3.48003e-06 	1.12484e-05
0.00571858 	0.000240432 	-5.04251e-06 	7.48497e-06 	3.05748e-06 	-6.1952e-06 	1.76024e-05
0.00769231 	0.000389384 	-1.11168e-05 	1.30744e-05 	7.41195e-06 	-1.23441e-05 	2.88633e-05
0.0107692 	0.000690012 	-2.67005e-05 	2.40511e-05 	1.87322e-05 	-2.60132e-05 	5.0121e-05
0.0138462 	0.00110358 	-5.27032e-05 	3.64301e-05 	3.74629e-05 	-4.52429e-05 	7.65319e-05
0.0169231 	0.00165676 	-9.07692e-05 	4.65321e-05 	6.41894e-05 	-6.97645e-05 	0.00010981
0.02 	0.00237025 	-0.000141218 	4.89766e-05 	9.87907e-05 	-9.93358e-05 	0.000153267
0.0230769 	0.00325382 	-0.000202871 	3.77691e-05 	0.000140746 	-0.000133863 	0.000211428
0.0261538 	0.00431733 	-0.000273853 	7.1309e-06 	0.000189352 	-0.000173871 	0.000290534
0.0292308 	0.00557855 	-0.000351808 	-5.0953e-05 	0.000243169 	-0.000220496 	0.000402349
0.0323077 	0.00703627 	-0.000434001 	-0.000145693 	0.000300538 	-0.000274945 	0.000562818
0.0353846 	0.00867317 	-0.000519108 	-0.000287671 	0.000359066 	-0.000337688 	0.000795427
0.0384615 	0.0107716 	-0.000631573 	-0.000533768 	0.000420428 	-0.000407842 	0.00121971
0.0432914 	0.0135877 	-0.000877607 	-0.000890958 	0.000499168 	-0.00043389 	0.00201024
0.0500059 	0.0163501 	-0.00131647 	-0.00116497 	0.000629044 	-0.000340722 	0.00304298
0.056989 	0.0179516 	-0.00179598 	-0.00119416 	0.000843928 	-0.000166025 	0.00395533
0.0642514 	0.018252 	-0.00214175 	-0.00102918 	0.00113129 	-1.37768e-05 	0.00460938
0.0718043 	0.0177437 	-0.00233397 	-0.000782888 	0.00143696 	6.93195e-05 	0.00506289
0.0796593 	0.0169228 	-0.00244309 	-0.00054199 	0.00172075 	8.42802e-05 	0.00534975
0.0878285 	0.016105 	-0.0025365 	-0.000362732 	0.00197262 	6.19045e-05 	0.00550627
0.0963245 	0.0154014 	-0.00263478 	-0.000261374 	0.00219894 	3.83466e-05 	0.00558518
0.10516 	0.0147899 	-0.00273216 	-0.000217136 	0.00240454 	3.16246e-05 	0.00560679
0.11435 	0.014255 	-0.00282837 	-0.000213322 	0.00258849 	4.1151e-05 	0.00557847
0.123906 	0.0137765 	-0.00291872 	-0.000251564 	0.00275126 	6.35111e-05 	0.00554102
0.133845 	0.0132886 	-0.00297428 	-0.000322658 	0.00289945 	9.60708e-05 	0.00552263
0.144182 	0.0127822 	-0.00297293 	-0.000402875 	0.0030338 	0.000134925 	0.00549574
0.154932 	0.0123004 	-0.00292973 	-0.000462826 	0.00314289 	0.000171836 	0.0054296
0.166112 	0.011847 	-0.00288231 	-0.000485479 	0.00322243 	0.00019653 	0.00532854
0.17774 	0.0113922 	-0.002856 	-0.000478935 	0.00327919 	0.000207884 	0.00521757
0.189832 	0.0109419 	-0.00284288 	-0.000453171 	0.00331271 	0.000204417 	0.00512416
0.202408 	0.0105508 	-0.00282251 	-0.000414499 	0.00331167 	0.000178759 	0.00504607
0.215487 	0.0102537 	-0.00278475 	-0.000369255 	0.00327209 	0.000134071 	0.00493676
0.22909 	0.0100179 	-0.00272466 	-0.000321245 	0.00321139 	8.83118e-05 	0.00477088
0.243236 	0.00975174 	-0.00264899 	-0.000283635 	0.00314876 	5.80553e-05 	0.00458778
0.257948 	0.00938296 	-0.00257581 	-0.000270324 	0.00309285 	4.77551e-05 	0.00442409
0.273249 	0.00894086 	-0.00251761 	-0.000271036 	0.00304693 	5.1314e-05 	0.00428046
0.289162 	0.00851711 	-0.00247649 	-0.000261168 	0.00300156 	5.1614e-05 	0.00415027
0.305711 	0.00817562 	-0.00244183 	-0.000228883 	0.00294614 	3.8698e-05 	0.0040185
0.322923 	0.00790177 	-0.00239223 	-0.00017829 	0.00287615 	2.02317e-05 	0.00386457
0.340822 	0.00761632 	-0.00230801 	-0.0001194 	0.00279596 	2.46279e-07 	0.00367467
0.359438 	0.00729083 	-0.00219784 	-5.58726e-05 	0.00272535 	-2.19324e-05 	0.00346238
0.378799 	0.00699438 	-0.00209369 	1.09477e-05 	0.00267648 	-4.05352e-05 	0.00327218
0.398933 	0.00675822 	-0.00201158 	6.61319e-05 	0.0026328 	-5.676e-05 	0.00312754
0.419873 	0.00650604 	-0.00194483 	0.000101061 	0.00256255 	-7.9875e-05 	0.00301142
0.441651 	0.00615613 	-0.00187011 	0.000121846 	0.00246023 	-0.00010458 	0.00290469
0.4643 	0.00571388 	-0.00176707 	0.000122045 	0.00234723 	-0.000114683 	0.00279719
0.487855 	0.00523185 	-0.00163826 	0.000102882 	0.00223347 	-0.000104237 	0.00266831
0.512352 	0.00475931 	-0.0014962 	8.3421e-05 	0.00211546 	-8.16216e-05 	0.00250593
0.537829 	0.00431955 	-0.00134777 	6.68093e-05 	0.00198675 	-6.37757e-05 	0.00233452
0.564325 	0.00391064 	-0.0012014 	4.83895e-05 	0.00184996 	-5.74353e-05 	0.00217224
0.591881 	0.00355238 	-0.00108239 	3.10202e-05 	0.00171868 	-5.61015e-05 	0.00201478
0.620539 	0.00325797 	-0.000996256 	1.18114e-05 	0.00159708 	-6.12109e-05 	0.00186613
0.650343 	0.00299907 	-0.000908065 	-6.75175e-06 	0.00148536 	-6.80582e-05 	0.00172499
0.68134 	0.00273658 	-0.000801098 	-6.37018e-06 	0.00138765 	-6.1794e-05 	0.00158664
0.713576 	0.00247147 	-0.000688544 	1.90912e-05 	0.00130476 	-4.98884e-05 	0.00145768
0.747102 	0.00223294 	-0.000568345 	5.37656e-05 	0.00122981 	-4.68836e-05 	0.0013412
0.781969 	0.0020188 	-0.000440608 	8.1007e-05 	0.00115614 	-4.94479e-05 	0.00122791
0.818231 	0.00181559 	-0.000321486 	8.40207e-05 	0.00109597 	-4.70657e-05 	0.00111916
0.855943 	0.00165643 	-0.000206454 	5.53612e-05 	0.00106181 	-3.02544e-05 	0.00102578
0.895163 	0.00158637 	-8.14294e-05 	1.64829e-05 	0.00105095 	-4.99673e-06 	0.000959085
0.935953 	0.00159775 	5.39316e-05 	-1.0815e-05 	0.0010568 	1.21892e-05 	0.000934249
